-1.230091487169224962e+02 -1.291761471192521640e+02 -1.025181975544574868e+02
-1.286244081942373896e+02 -1.724383626017031474e+02 -2.301378141248569023e+02
-1.740938416431403937e+02 -1.749695363664405932e+02 -2.255754825985413845e+02
-1.747781576949196847e+02 -1.137479718064768690e+02 -1.972557603713111121e+02
-1.585438374395916981e+02 -1.587860977678195411e+02 -1.031682167480019388e+02
-1.421917915772817764e+02 -1.712785516810237993e+02 -2.114496119210884615e+02
-1.727178234148465208e+02 -1.610292520689535536e+02 -2.223088090293503569e+02
-1.659421337124816773e+02 -1.574432070767715857e+02 -1.691829934302872402e+02
-1.375273881764400130e+02 -1.438016299419269615e+02 -3.498941247198632709e+01
-9.835723129317813118e+01 -1.580169332283655876e+02 -1.735942142686366765e+02
-1.298567996715146649e+02 -1.487665682978139330e+02 -1.840757648766803527e+02
-1.611429390003761171e+02 -1.350362779266091593e+02 -2.349264623033486146e+02
-6.101632149994942012e+01 -7.978719126376388715e+01 -9.651887515926228289e+00
-5.529530854751605062e+01 -8.530944882109965022e+01 -1.977007491128296408e+02
-1.152431836192077697e+02 -7.304824064641006487e+01 -1.457768490565094908e+02
-9.114584875135477660e+01 -3.594802129878847552e+01 -1.095340422591511071e+02
-3.883671743880717031e+01 -6.934262085121294206e+01 -1.787934284217073468e+02
-5.708171805231370399e+01 -1.162816667275290854e+02 -2.049426019308773164e+02
-8.288261474255855887e+01 -1.454410596727897698e+01 -1.870916936509644017e+02
-4.054200904142270190e+01 -4.666273807271828389e+01 -2.122015769217195924e+01
-3.485428903817056323e+01 -4.996734978489265444e+01 -1.057470432645079761e+01
-1.177144789228170652e+01 -5.894630900103359750e+01 -7.414518318045733736e+01
-6.882027309219014910e+01 -1.826908035016667853e+01 -1.014153737141549669e+02
-5.592513981466134965e+01 7.726608664243709512e+00 -6.792818223676171385e+01
-2.783852946418129637e+00 -4.491722397592034355e+01 -1.578693082250184148e+02
1.944699026342926018e+01 -7.897604766382748664e+01 -1.891685586230397575e+02
1.028000407678632300e+01 -1.752463055423146443e+01 -6.931073108536108407e+01
-1.616620843141271280e+01 -3.687001876345647133e+01 8.365454950242256160e+00
1.105265526781668939e+01 -3.687332151248963186e+01 3.340212462478793753e+01
-3.377296368083994338e+01 -9.059747316215943869e+00 -5.044485461049914932e+01
-3.792434333606099983e+01 8.711312946935013457e+00 -4.758646389948519584e+01
-1.240875549152443647e+01 1.726079638522659465e+01 -3.899431520773229920e+01
1.162990665076068986e+01 1.293928770416773943e+01 -1.836457756299324160e+02
-2.857415689725313968e+01 5.763185963903969089e+00 -2.155133689808704105e+02
-2.717190754686626519e+01 6.811591426371370162e+00 -2.737465495585072262e+01
-2.681927520523540309e+01 1.210532203201746704e+01 1.911203767492750671e-01
-4.590592211423073721e+00 -5.635402316838177939e+00 -1.854735693782680528e+02
-3.038033173366191164e+00 -2.028868951446638036e+01 -5.110426148910883626e+01
-1.000244644369087332e+01 -2.774881899723230916e+01 -5.011995197089644449e+01
-1.887855528785258485e+01 -5.599836988180628694e+00 5.998120260862857123e+01
-2.899046262631224025e+01 9.475035581860403511e+00 -2.010942066518005333e+02
-3.198843486832141636e+01 -1.931761110001657755e+01 3.820208034850954704e+01
-2.094762364189229231e+01 1.848921967228886842e+01 -1.533028337657457030e+02
2.119108935581721198e+01 -1.716762354899463716e+01 9.135756913881265007e+01
7.306906406131813014e+01 6.498130498073935613e+00 -2.218937402561149099e+02
6.386150587554499936e+00 9.080384469788205593e+01 -2.390298137483104313e+01
6.553125722571007827e+01 7.239986560749929367e+01 1.239928720000285978e+02
9.224561972214647199e+01 4.426036421625664019e+00 4.792047684232275628e+01
-1.454671194734115680e+01 -1.486465012456906187e+01 -1.158269952756443502e+02
-1.549833596620699971e+01 -1.898386399710047101e+01 -1.862430302397162336e+02
-1.662216890159345795e+01 8.974210428711351994e+01 1.733998751412812851e+02
8.656550474639705328e+01 2.294077593472162491e+01 -1.900307205929857162e+02
1.922361719151189448e+02 1.521008650343220552e+02 7.710765622260004193e+01
1.595677431252559018e+02 1.358769937688115022e+02 -2.166035128112306722e+02
1.484734407825757785e+02 1.892414102582581847e+02 1.276055410841893831e+02
1.538577106884428645e+02 1.531171539143792018e+02 2.009025072725293910e+02
-1.172590009417140209e+02 -9.023538823587220747e+01 -1.009465140780212522e+01
-8.693608111991694898e+01 -1.126978817447037784e+02 -8.806108382012745039e+01
-6.123103726056144325e+01 -1.242493436089549590e+02 -1.976894358301423438e+02
-1.277549712860902673e+02 -7.723588818504543951e+01 -2.333338806796285496e+02
-5.970402789700423796e+01 -5.110323065991443059e+01 -2.915175312656180040e+01
-5.773261807750536434e+01 -5.817976917124313019e+01 -2.021031808089391646e+01
-3.627480237274780706e+01 -6.481981500936834095e+01 -1.931081083056397176e+02
-6.434497788057690570e+01 -6.418968677647649201e+01 -2.479130854538839230e+02
-5.009525988766313276e+01 -5.366411855104337292e+01 -1.249930829516728465e+02
-5.511586469109048636e+01 -5.581750384583864388e+01 -7.314233230069152114e+01
-5.621782371056867333e+01 -5.045260819471805291e+01 -1.803498305466245029e+02
-5.378252499193374803e+01 -4.536389201688460560e+01 -1.771938660111098045e+02
-1.724924557211502929e+02 -1.533495230457127718e+02 -2.014675156489264793e+02
-1.709497404822136559e+02 -1.913668375185045818e+02 -1.160789929695758502e+02
-1.716104270554623952e+02 -1.708809189149113763e+02 -2.296396246563884347e+02
-1.719227303974416259e+02 -1.713577726411852495e+02 -2.255286950086550348e+02
-1.248176114368482388e+02 -1.234217230253485269e+02 -2.170960732598518916e+02
-1.239249871470968145e+02 -1.239346794312903768e+02 -1.591154285256967569e+02
-1.240069769989648307e+02 -1.238645199542264805e+02 -2.014398899166765773e+02
-1.240878670397695203e+02 -1.242005673397402035e+02 -5.318636319607496432e+01
-8.162397507114255291e+01 -8.814044085130798578e+01 -2.271996580414309221e+02
-8.829114113046067303e+01 -8.821675888277557931e+01 -1.337222613595530447e+02
-8.805076382135486313e+01 -5.412272613299159474e+01 -1.995847811536289669e+02
-6.437803510484948788e+01 -8.114842449743919417e+01 -3.826321231200965656e+01
-3.010913707361547154e+01 -6.904788382038735506e+01 -2.110494915192526264e+02
-3.937492122124974969e+01 -6.941560782832610244e+01 -7.268317644835076408e+01
-6.957989189383789608e+01 -6.906589944315369678e+01 -2.101111838788507100e+02
-6.942035820105257926e+01 -5.793164260307304403e+01 -3.746285408999325028e+01
-3.786207093365720766e+01 -3.807669624766096206e+01 -1.898570114484226110e+02
-3.803035128640970441e+01 -3.785941520810404626e+01 -5.444121766474928137e+01
-3.816351527147651268e+01 -5.040853366587594309e+01 -1.926987114887099324e+02
-4.843817609740278129e+01 -3.705927347790345294e+01 -2.150326134929248951e+02
-2.784451727640740515e+01 -2.793943892925386763e+01 -1.738678187338620660e+02
-2.748064907012809854e+01 -2.765249572030134928e+01 -1.640640800356350439e+02
-2.712841483157181699e+01 -2.784421126142984093e+01 -4.667334776753259007e+01
-2.770870847632591705e+01 -2.788961587700073608e+01 -1.849109259032392174e+02
1.212764173839261161e+02 1.121335098256028147e+02 1.662371065397062182e+02
1.481190768035232850e+02 -6.999999999999999556e-01 -1.209676982218988002e+02
1.299185220391854045e+02 1.434252444066425198e+02 -5.166149794733954081e+00
1.391768407525674434e+02 1.471666080962933165e+02 6.992069216015386246e+01
